0
154
144
1
140
258
2
112
375
3
117
430
4
92
579
5
83
654
6
72
697
7
60
808
8
311
146
9
193
277
10
252
290
11
272
142
12
259
137
13
293
305
14
187
361
15
279
393
16
276
447
17
160
485
18
270
495
19
153
577
20
259
591
21
251
668
22
253
691
23
242
691
24
118
703
25
163
707
26
204
711
27
105
812
28
150
816
29
193
821
30
243
769
31
234
823
32
230
875
33
339
147
34
320
315
35
302
461
36
307
512
37
292
603
38
398
61
39
383
162
40
374
269
41
365
333
42
357
434
43
340
516
44
346
535
45
323
619
46
322
710
47
320
775
48
310
787
49
308
860
50
340
858
51
377
851
52
396
851
53
378
795
54
389
724
55
399
651
56
410
578
57
408
549
58
421
464
59
413
348
60
455
360
61
447
64
62
465
63
63
567
68
64
559
164
65
547
287
66
506
316
67
498
376
68
483
483
69
473
717
70
435
806
71
704
112
72
691
206
73
678
329
74
664
434
75
650
536
76
555
508
77
536
622
78
533
715
79
521
781
80
564
840
81
653
785
82
674
784
83
671
875
84
821
874
85
876
868
86
870
770
87
868
677
88
791
589
89
808
508
90
886
535
91
805
477
91
805
416
92
816
416
93
731
347
94
815
375
95
740
306
96
825
330
97
831
312
98
831
249
99
843
158
100
769
130
101
774
44
102
824
30
103
879
328
104
883
302